-5.000000
-5.000000
-5.000000
-5.000000
-5.000000
-5.000000
-5.000000
-5.000000
-5.000000
-5.000000
-5.000000
-5.000000
-5.000000
-5.000000
-5.000000
-5.000000
-5.000000
-5.000000
-5.000000
-5.000000
-5.000000
-5.000000
-5.000000
-5.000000
-5.000000
-5.000000
-5.000000
-5.000000
-5.000000
-5.000000
-5.000000
-5.000000
-5.000000
-5.000000
-5.000000
-5.000000
-5.000000
-5.000000
-5.000000
-5.000000
-5.000000
-5.000000
-5.000000
-5.000000
-5.000000
-5.000000
-5.000000
-5.000000
-5.000000
-5.000000
-5.000000
-5.000000
-5.000000
-5.000000
-5.000000
-5.000000
5.000000
5.000000
5.000000
5.000000
5.000000
-5.000000
5.000000
5.000000
5.000000
5.000000
1.842100
5.000000
5.000000
-2.368400
5.000000
5.000000
5.000000
5.000000
5.000000
5.000000
-5.000000
5.000000
5.000000
5.000000
5.000000
5.000000
5.000000
5.000000
5.000000
5.000000
5.000000
5.000000
5.000000
5.000000
5.000000
5.000000
5.000000
5.000000
5.000000
5.000000
5.000000
5.000000
5.000000
5.000000
5.000000
5.000000
5.000000
5.000000
5.000000
5.000000
5.000000
5.000000
5.000000
5.000000
5.000000
5.000000
5.000000
5.000000
5.000000
5.000000
5.000000
5.000000
5.000000
5.000000
5.000000
5.000000
5.000000
5.000000
5.000000
5.000000
5.000000
5.000000
5.000000
5.000000
5.000000
5.000000
5.000000
5.000000
5.000000
5.000000
5.000000
5.000000
5.000000
5.000000
5.000000
5.000000
5.000000
5.000000
5.000000
5.000000
5.000000
5.000000
5.000000
5.000000
5.000000
5.000000
5.000000
5.000000
5.000000
5.000000
5.000000
5.000000
5.000000
5.000000
5.000000
5.000000
5.000000
5.000000
5.000000
5.000000
5.000000
5.000000
5.000000
5.000000
5.000000
5.000000
5.000000
5.000000
5.000000
5.000000
5.000000
5.000000
5.000000
5.000000
5.000000
3.421100
5.000000
-2.368400
5.000000
5.000000
5.000000
5.000000
5.000000
5.000000
5.000000
5.000000
5.000000
5.000000
5.000000
5.000000
5.000000
5.000000
5.000000
5.000000
5.000000
5.000000
5.000000
5.000000
5.000000
5.000000
5.000000
5.000000
5.000000
5.000000
5.000000
5.000000
5.000000
5.000000
5.000000
5.000000
5.000000
5.000000
5.000000
5.000000
5.000000
5.000000
5.000000
5.000000
5.000000
5.000000
5.000000
5.000000
5.000000
5.000000
5.000000
5.000000
5.000000
5.000000
5.000000
5.000000
5.000000
5.000000
5.000000
5.000000
5.000000
5.000000
5.000000
5.000000
5.000000
5.000000
5.000000
5.000000
5.000000
5.000000
5.000000
5.000000
5.000000
5.000000
5.000000
-5.000000
2.368400
-5.000000
-5.000000
-5.000000
-5.000000
-5.000000
-5.000000
-5.000000
-5.000000
-5.000000
5.000000
5.000000
-5.000000
1.842100
-2.368400
2.894700
3.421100
-1.315800
-4.473700
-5.000000
-5.000000
0.789500
-5.000000
